48000.953125,48628.097656,89.870369
65535,65535,65535,65535,65535,65535,65535,65535,65535,);
48001.003906,48629.082031,79.821686
819,819,45,819,74,79,119,819,819,);
48001.253906,48629.812500,61.224411
819,819,819,82,77,112,119,256,819,);
48001.281250,48629.878906,42.229538
819,819,212,81,80,112,819,74,144,);
48000.855469,48629.628906,23.523819
819,67,83,85,80,124,819,74,80,);
48000.851562,48629.640625,12.535339
819,70,82,85,103,819,819,78,74,);
48000.363281,48629.582031,4.673523
819,74,82,819,819,819,819,80,74,);
48000.574219,48629.593750,0.426346
819,74,82,140,819,819,137,80,74,);
48005.296875,48629.628906,0.408279
819,74,82,819,225,819,128,80,74,);
48062.121094,48629.937500,0.119118
819,69,82,819,819,819,128,80,74,);
48135.367188,48629.640625,-0.368843
819,66,82,819,819,819,819,81,74,);
48210.941406,48629.199219,-0.260406
819,74,83,819,819,819,819,82,70,);
48288.421875,48629.027344,-0.133904
819,74,84,819,819,819,819,83,73,);
48367.804688,48628.988281,0.082970
819,74,84,819,819,819,819,83,73,);
48445.003906,48629.199219,0.245628
819,74,84,819,819,819,819,84,74,);
48562.453125,48629.917969,0.462494
819,74,85,819,819,819,819,84,74,);
48639.859375,48630.531250,0.498634
819,76,85,819,819,819,819,85,74,);
48679.195312,48630.890625,0.570930
819,109,86,819,819,819,819,85,105,);
48799.109375,48632.113281,0.444420
819,107,87,819,819,819,819,85,98,);
48879.480469,48632.609375,0.191399
819,106,87,819,819,819,819,86,99,);
48957.734375,48632.839844,0.155258
819,102,88,819,819,819,819,87,99,);
49036.695312,48632.972656,0.046829
819,819,88,819,819,819,819,87,95,);
49115.863281,48632.937500,-0.079689
819,100,89,819,819,819,819,89,95,);
49154.781250,48632.875000,-0.079689
819,99,89,819,819,819,819,126,103,);
49272.796875,48632.867188,0.028748
819,99,91,819,819,819,819,123,95,);
49352.109375,48633.066406,0.299843
819,107,126,819,819,819,819,123,107,);
49431.066406,48633.660156,0.552864
819,819,819,819,819,819,819,819,107,);
49509.531250,48634.476562,0.643219
819,819,126,819,819,819,819,819,210,);
49588.414062,48635.375000,0.661301
819,819,129,108,819,819,819,124,209,);
49666.593750,48636.261719,0.607079
819,819,127,819,819,819,819,819,819,);
49746.253906,48637.031250,0.426346
819,226,819,819,819,819,819,819,210,);
49826.058594,48637.457031,0.281769
819,819,819,819,819,819,819,819,819,);
49865.750000,48637.679688,0.372131
819,215,819,819,819,291,819,819,212,);
49983.554688,48638.429688,0.354065
819,219,819,819,819,278,819,819,214,);
50062.722656,48638.875000,0.299843
819,219,819,819,284,268,819,819,215,);
50133.929688,48639.156250,0.119118
819,218,819,819,272,264,248,819,217,);
50142.246094,48639.179688,-0.025467
819,220,89,819,819,261,819,91,217,);
50145.414062,48639.343750,6.643501
819,223,819,819,819,819,249,86,219,);
50147.925781,48639.699219,10.294273
819,819,819,81,819,819,243,99,819,);
50181.023438,48645.660156,10.312347
819,222,819,84,273,819,249,819,819,);
50252.363281,48658.824219,10.800308
819,819,819,87,269,267,88,819,819,);
50326.390625,48673.324219,11.234055
247,819,819,83,819,819,228,819,819,);
50401.679688,48688.359375,11.324417
247,819,819,819,253,819,228,819,819,);
50477.523438,48703.484375,11.161758
239,819,819,78,244,819,210,74,819,);
50554.019531,48718.210938,10.673798
233,819,76,819,236,819,206,74,819,);
50630.675781,48732.488281,10.456924
819,819,74,819,227,819,195,74,819,);
50707.437500,48746.566406,10.258125
216,819,819,819,220,819,195,76,819,);
50786.179688,48760.796875,10.276199
208,819,819,819,211,819,189,74,819,);
50864.070312,48774.988281,10.330421
202,819,74,819,211,819,179,74,819,);
50940.773438,48789.000000,10.330421
192,819,819,819,197,819,170,74,819,);
51018.453125,48803.167969,10.294273
186,819,819,202,189,819,166,74,819,);
51096.074219,48817.250000,10.276199
179,819,83,194,170,819,157,74,819,);
51172.312500,48831.062500,10.221977
179,819,80,819,175,819,168,84,819,);
51250.378906,48845.066406,10.240051
171,819,72,178,154,819,141,84,819,);
51330.179688,48859.785156,10.511147
162,819,74,819,152,819,151,84,819,);
51407.359375,48874.324219,10.836449
155,819,82,819,144,819,151,83,819,);
51484.082031,48889.003906,10.764160
147,819,83,154,146,819,126,82,819,);
51562.070312,48903.812500,10.728020
140,819,83,145,135,819,128,81,819,);
51638.074219,48918.101562,10.565361
135,819,82,137,135,819,113,79,819,);
51715.730469,48932.406250,10.276199
128,819,81,137,131,819,126,78,819,);
51793.421875,48946.484375,10.276199
122,819,81,131,124,819,121,77,147,);
51911.019531,48967.714844,10.185837
116,819,80,123,103,819,116,78,125,);
51949.386719,48974.625000,10.203911
116,819,80,116,88,819,150,79,143,);
52066.003906,48995.742188,10.294273
111,211,80,108,95,819,143,81,143,);
52135.363281,49008.351562,10.258125
105,819,819,102,97,819,136,81,116,);
52142.718750,49009.679688,10.221977
101,184,819,99,95,819,136,207,113,);
52142.578125,49009.679688,5.306084
101,209,819,99,80,819,134,202,113,);
52143.421875,49009.734375,2.739708
101,209,819,99,97,819,99,202,113,);
52149.054688,49010.003906,2.884293
101,819,819,99,97,819,135,202,114,);
52208.484375,49012.902344,2.631271
101,819,819,98,130,819,91,202,110,);
52282.582031,49016.039062,2.378258
96,819,819,93,819,819,91,202,110,);
52360.414062,49019.449219,2.577057
91,819,209,89,819,819,115,202,116,);
52437.027344,49023.101562,2.902359
86,90,214,112,819,819,115,74,104,);
52514.332031,49027.113281,3.010796
83,84,208,104,819,819,107,207,74,);
52592.125000,49031.207031,3.028877
81,74,74,100,819,819,100,74,74,);
52670.625000,49035.351562,2.974648
90,74,74,100,819,819,94,72,70,);
52749.195312,49039.421875,2.902359
83,71,74,89,819,819,87,74,74,);
52828.273438,49043.257812,2.558975
77,71,74,81,819,819,81,74,71,);
52907.082031,49046.828125,2.649345
77,72,74,74,819,819,74,50,47,);
52985.882812,49050.570312,2.848145
74,49,52,74,819,819,819,50,47,);
53064.042969,49054.406250,2.775856
70,49,52,72,819,819,819,50,47,);
53140.089844,49058.167969,2.992729
819,49,53,819,819,819,819,50,47,);
53220.636719,49062.292969,2.920433
819,48,53,819,819,819,819,51,46,);
53300.562500,49066.179688,2.649345
819,48,53,819,819,819,819,51,46,);
53378.882812,49069.593750,2.396324
819,48,54,819,819,819,819,52,46,);
53457.492188,49072.835938,2.360176
819,48,54,819,819,819,819,52,46,);
53536.316406,49076.105469,2.378258
819,47,54,819,819,819,819,53,45,);
53614.570312,49079.429688,2.504761
819,47,55,819,819,819,819,74,46,);
53693.312500,49082.898438,2.577057
819,40,55,819,819,819,819,74,66,);
53773.386719,49086.632812,2.631271
819,47,76,819,819,819,819,74,66,);
53854.730469,49090.324219,2.577057
819,67,76,819,819,819,819,74,65,);
53932.484375,49093.882812,2.685493
819,67,77,819,819,819,819,74,65,);
54012.269531,49097.664062,2.739708
819,66,77,819,819,819,819,74,64,);
54090.226562,49101.363281,2.685493
819,66,77,819,819,819,819,74,64,);
54168.468750,49105.062500,2.667412
819,66,78,819,819,819,819,74,65,);
54246.921875,49108.683594,2.595123
819,67,78,819,819,819,819,76,65,);
54325.726562,49112.332031,2.613197
819,67,78,819,819,819,819,76,65,);
54403.757812,49115.917969,2.649345
819,67,78,819,819,819,819,76,65,);
54482.703125,49119.652344,2.703560
819,66,79,819,819,819,263,77,64,);
54561.296875,49123.367188,2.703560
819,66,79,819,819,819,256,77,64,);
54639.601562,49127.101562,2.703560
819,66,79,819,819,819,247,77,64,);
54718.125000,49130.781250,2.685493
819,66,80,819,819,819,247,77,64,);
54798.410156,49134.542969,2.649345
819,65,80,819,819,819,238,78,63,);
54877.781250,49138.121094,2.558975
819,65,80,819,819,819,229,78,63,);
54956.101562,49141.617188,2.558975
819,65,80,819,819,819,221,78,63,);
55034.984375,49145.082031,2.486694
819,64,81,819,819,819,213,79,62,);
55113.660156,49148.496094,2.432472
819,64,81,819,819,819,204,79,62,);
55191.984375,49151.824219,2.468620
819,64,81,819,819,819,196,79,62,);
55270.238281,49155.218750,2.450546
819,64,81,819,819,819,187,80,61,);
55350.046875,49158.609375,2.504761
819,63,82,819,819,819,179,80,61,);
55429.351562,49162.171875,2.613197
819,62,82,819,819,819,171,80,61,);
55508.015625,49165.796875,2.703560
819,62,83,819,819,819,171,81,60,);
55587.097656,49169.585938,2.757782
819,62,83,819,819,819,163,81,60,);
55666.109375,49173.378906,2.757782
158,62,83,819,819,819,155,81,60,);
55744.976562,49177.183594,2.721642
150,61,84,819,819,819,147,81,60,);
55824.695312,49180.941406,2.649345
141,61,83,819,819,819,138,81,59,);
55903.925781,49184.539062,2.522827
133,61,83,819,819,819,131,82,59,);
55982.457031,49187.992188,2.540909
126,61,84,819,819,819,123,82,59,);
56061.765625,49191.468750,2.468620
126,61,84,819,819,819,116,82,58,);
56139.597656,49194.757812,2.414406
119,60,84,819,819,819,109,81,58,);
56218.277344,49198.039062,2.360176
111,60,83,819,819,819,101,81,58,);
56296.390625,49201.332031,2.522827
103,59,84,819,819,819,101,82,57,);
56377.386719,49204.878906,2.522827
96,59,85,819,819,819,95,84,57,);
56494.859375,49210.253906,2.703560
90,59,87,819,819,819,88,87,57,);
56573.519531,49213.925781,2.649345
83,58,90,819,819,819,83,90,56,);
56652.394531,49217.554688,2.649345
78,58,90,819,819,819,819,819,55,);
56730.640625,49221.156250,2.667412
74,58,819,819,819,819,819,819,55,);
56809.437500,49224.855469,2.685493
74,57,819,136,819,819,819,819,54,);
56890.140625,49228.640625,2.721642
74,57,819,130,819,819,819,819,54,);
56968.800781,49232.421875,2.775856
819,56,819,125,819,819,819,819,55,);
57047.667969,49236.218750,2.667412
819,56,819,819,819,819,819,819,54,);
57126.824219,49239.882812,2.631271
819,56,819,819,819,819,819,819,54,);
57204.789062,49243.429688,2.577057
819,56,819,819,819,819,819,819,53,);
57282.753906,49246.957031,2.631271
819,54,819,106,819,819,819,819,52,);
57361.710938,49250.496094,2.613197
819,101,819,106,819,819,819,819,51,);
57440.167969,49254.117188,2.685493
819,100,819,819,819,819,819,97,51,);
57518.546875,49257.792969,2.703560
819,100,819,819,819,819,819,93,50,);
57597.484375,49261.570312,2.793930
819,99,97,819,819,819,819,91,50,);
57675.437500,49265.371094,2.739708
819,52,94,819,819,819,819,89,50,);
57756.500000,49269.179688,2.649345
819,98,92,819,819,819,819,89,50,);
57836.085938,49272.808594,2.577057
819,97,91,819,819,819,819,88,49,);
57914.195312,49276.292969,2.486694
819,51,90,819,819,819,819,89,49,);
57993.085938,49279.644531,2.342110
819,51,91,819,819,819,819,90,49,);
58071.699219,49282.785156,2.269821
819,51,92,819,819,819,819,90,49,);
58150.324219,49285.804688,2.233673
819,51,92,819,819,819,819,90,49,);
58228.585938,49288.988281,2.432472
819,51,92,819,819,819,819,91,48,);
58306.203125,49292.429688,2.613197
819,51,93,819,819,819,819,91,48,);
58387.550781,49296.113281,2.631271
819,50,93,819,819,819,819,92,48,);
58465.789062,49299.804688,2.685493
819,50,94,819,819,819,819,92,48,);
58544.875000,49303.468750,2.631271
819,49,94,819,819,819,819,92,47,);
58623.746094,49307.128906,2.667412
819,49,94,819,819,819,819,93,47,);
58702.617188,49310.820312,2.775856
819,49,95,819,819,819,819,93,46,);
58781.273438,49314.722656,2.866211
819,48,95,819,819,819,819,93,46,);
58860.976562,49318.808594,2.938507
819,48,96,819,819,819,819,94,46,);
58941.039062,49322.875000,2.884293
819,47,96,819,819,819,819,94,46,);
59020.464844,49326.820312,2.775856
819,47,96,819,819,819,819,94,45,);
59099.191406,49330.574219,2.703560
819,47,96,819,819,819,819,95,45,);
59153.207031,49333.089844,2.396324
819,47,97,819,819,819,819,95,44,);
59153.980469,49333.121094,2.450546
819,46,97,819,819,819,819,95,44,);
59155.531250,49333.132812,-3.079834
819,47,97,819,819,109,819,95,44,);
59156.187500,49332.828125,-20.719231
49,819,100,819,94,109,168,98,44,);
59157.292969,49332.207031,-39.515350
46,114,819,97,94,819,44,819,819,);
59156.523438,49333.210938,-58.672928
49,113,819,97,819,819,42,819,111,);
59155.910156,49334.554688,-72.245865
819,819,819,125,819,43,43,819,819,);
59155.816406,49334.894531,-80.577637
819,819,819,819,819,42,45,97,819,);
59155.796875,49335.035156,-86.830963
819,819,819,819,819,42,819,97,819,);
59155.773438,49335.457031,-87.120117
819,819,102,819,819,42,819,97,819,);
59156.093750,49335.152344,-105.157135
113,819,101,819,43,42,819,819,819,);
59156.851562,49336.812500,-124.242432
819,819,127,48,43,45,109,819,819,);
59157.070312,49337.085938,-134.020035
819,101,819,48,43,819,110,819,819,);
59156.285156,49336.761719,-160.153839
74,97,819,49,819,109,819,45,98,);
59156.558594,49336.835938,-169.154282
819,97,48,819,110,819,819,45,95,);
59155.859375,49336.734375,-176.094345
819,96,48,819,108,819,819,45,96,);
59155.437500,49336.707031,-176.564255
147,96,48,819,109,819,819,45,96,);
59133.062500,49335.296875,-176.455811
147,96,48,114,108,819,819,45,94,);
59097.878906,49333.191406,-176.708832
143,96,48,107,101,819,819,46,94,);
58985.437500,49327.351562,-177.124512
819,95,49,101,101,819,819,47,93,);
58908.765625,49323.390625,-176.925705
819,95,49,101,95,819,819,47,93,);
58830.976562,49319.113281,-176.835342
819,94,49,94,89,819,819,48,92,);
58753.117188,49314.804688,-176.690765
819,94,49,87,819,819,819,48,91,);
58713.984375,49312.527344,-176.654617
819,94,50,81,819,819,819,48,91,);
58597.574219,49305.652344,-176.618469
819,93,51,819,819,819,819,49,90,);
58518.902344,49300.875000,-176.473892
819,92,51,819,819,819,819,49,90,);
58440.445312,49296.105469,-176.528107
819,92,51,819,819,819,819,49,90,);
58361.707031,49291.308594,-176.546188
819,91,51,819,195,819,819,50,90,);
58282.890625,49286.574219,-176.618469
819,91,52,819,819,819,208,50,89,);
58201.667969,49281.855469,-176.618469
819,90,53,819,819,819,819,51,88,);
58123.421875,49277.066406,-176.293167
819,90,53,819,819,819,819,51,88,);
58045.054688,49271.929688,-176.293167
819,90,53,819,819,819,819,50,87,);
58005.937500,49269.437500,-176.401611
819,90,102,819,819,819,177,51,87,);
57887.574219,49262.289062,-176.763062
819,89,53,819,819,819,170,51,87,);
57810.000000,49257.960938,-176.799194
285,88,53,819,819,819,163,52,87,);
57731.718750,49253.648438,-176.943787
281,89,100,819,819,819,156,52,88,);
57651.527344,49249.445312,-176.997986
286,90,101,819,819,819,156,52,90,);
57573.382812,49245.257812,-176.889557
269,92,102,819,819,819,274,52,93,);
57494.394531,49241.058594,-176.997986
269,96,103,819,819,819,121,53,819,);
57415.687500,49236.894531,-176.961853
259,819,103,819,819,819,135,54,224,);
57336.343750,49232.742188,-176.979919
130,819,56,819,819,819,128,54,819,);
57258.406250,49228.738281,-177.142578
124,819,56,819,819,819,122,56,819,);
57179.406250,49224.699219,-176.961853
117,819,57,819,819,819,819,57,819,);
57101.402344,49220.433594,-176.853409
117,819,59,819,819,819,819,57,819,);
57022.632812,49216.042969,-176.726898
112,819,59,819,819,819,819,57,819,);
56944.085938,49211.457031,-176.618469
107,819,59,819,819,819,819,57,214,);
56865.691406,49206.761719,-176.546188
819,819,60,819,819,819,819,57,819,);
56786.878906,49202.031250,-176.618469
98,819,60,819,819,819,819,58,819,);
56706.222656,49197.312500,-176.654617
94,819,60,819,819,819,819,59,819,);
56627.390625,49192.820312,-176.907639
819,819,61,819,819,819,819,60,86,);
56548.468750,49188.625000,-176.961853
819,86,62,819,819,819,78,60,82,);
56469.484375,49184.371094,-176.925705
819,83,62,819,819,819,819,61,80,);
56391.335938,49180.152344,-176.853409
819,83,62,819,216,819,74,61,78,);
56311.929688,49175.757812,-176.817276
819,81,63,819,819,819,819,62,78,);
56232.097656,49171.437500,-176.889557
819,80,64,819,199,819,258,62,78,);
56152.480469,49167.027344,-176.690765
819,80,64,819,819,819,242,62,78,);
56075.550781,49162.609375,-176.708832
819,80,64,819,819,819,242,63,78,);
55996.511719,49158.093750,-176.835342
819,80,65,819,175,819,243,63,78,);
55918.445312,49153.816406,-176.853409
819,79,65,819,168,819,279,63,77,);
55840.238281,49149.488281,-176.871490
819,79,66,819,168,819,218,64,77,);
55761.613281,49145.167969,-176.853409
819,79,66,819,160,819,210,64,77,);
55681.996094,49140.800781,-176.907639
819,78,66,819,196,819,203,65,76,);
55603.644531,49136.589844,-176.889557
204,78,67,79,188,819,193,65,76,);
55525.015625,49132.312500,-176.907639
204,78,67,251,180,819,184,65,74,);
55446.523438,49128.062500,-176.853409
263,78,67,819,172,819,177,66,74,);
55367.824219,49123.765625,-176.889557
256,77,68,172,164,819,168,66,74,);
55248.574219,49117.281250,-176.817276
180,76,69,164,159,819,168,67,74,);
55169.671875,49112.843750,-176.726898
164,76,69,117,148,819,159,67,74,);
55130.328125,49110.570312,-176.636536
231,76,69,110,148,819,151,68,74,);
55011.746094,49103.539062,-176.618469
151,74,70,110,144,819,143,68,74,);
54933.128906,49098.953125,-176.708832
142,74,71,141,134,819,135,69,74,);
54855.843750,49094.558594,-176.744995
130,74,71,131,126,819,127,69,73,);
54776.382812,49090.007812,-176.726898
122,74,71,128,118,819,119,70,72,);
54696.847656,49085.496094,-176.763062
122,74,72,114,111,819,105,71,72,);
54617.382812,49080.960938,-176.744995
110,74,72,103,819,819,97,71,72,);
54577.753906,49078.730469,-176.835342
106,74,73,95,97,819,91,71,71,);
54459.640625,49072.117188,-176.799194
93,74,73,88,90,819,91,71,71,);
54381.433594,49067.777344,-176.817276
87,73,73,82,819,819,83,72,70,);
54302.738281,49063.371094,-176.817276
78,72,74,74,819,819,83,72,70,);
54223.335938,49058.957031,-176.781128
74,72,74,74,819,819,76,72,69,);
54144.921875,49054.558594,-176.781128
71,71,74,74,819,819,74,71,69,);
54066.367188,49050.160156,-176.781128
74,71,73,72,819,819,819,72,68,);
53987.679688,49045.683594,-176.744995
74,71,73,74,819,819,213,73,68,);
53908.777344,49041.203125,-176.726898
74,70,74,819,819,819,819,73,67,);
53834.382812,49036.898438,-176.708832
819,69,74,819,819,819,198,74,67,);
53816.226562,49035.843750,-176.347382
819,69,74,819,819,819,196,74,67,);
53776.468750,49033.363281,-176.401611
819,69,74,819,819,819,197,74,67,);
53700.832031,49028.609375,-176.455811
819,68,55,819,819,819,819,53,45,);
53624.898438,49024.050781,-176.654617
819,46,55,819,819,819,179,54,44,);
53548.257812,49019.546875,-176.636536
819,46,56,819,819,819,76,54,43,);
53470.421875,49014.968750,-176.672699
819,40,55,819,819,819,169,55,43,);
53393.007812,49010.433594,-176.600403
819,41,56,819,819,819,160,55,43,);
53316.367188,49005.851562,-176.582321
819,44,56,819,819,819,149,55,42,);
53237.828125,49001.160156,-176.618469
819,44,57,819,819,819,143,56,42,);
53158.308594,48996.382812,-176.546188
819,43,58,819,819,819,143,56,41,);
53079.210938,48991.605469,-176.546188
210,43,58,819,819,819,202,57,40,);
53000.738281,48986.949219,-176.672699
165,42,59,819,819,819,129,57,40,);
52922.195312,48982.347656,-176.636536
196,42,80,819,819,819,118,79,42,);
52845.761719,48977.906250,-176.708832
193,64,80,819,819,819,173,79,63,);
52766.863281,48973.285156,-176.618469
188,64,80,819,819,819,165,74,61,);
52688.398438,48968.593750,-176.564255
188,63,81,819,819,819,155,82,74,);
52609.156250,48963.820312,-176.564255
163,74,83,819,819,819,148,85,74,);
52531.042969,48959.152344,-176.600403
157,74,85,819,819,819,139,819,193,);
52452.222656,48954.468750,-176.600403
150,85,95,819,819,819,135,819,191,);
52374.246094,48949.859375,-176.636536
819,199,100,819,819,819,135,119,190,);
52294.792969,48945.140625,-176.546188
127,201,192,819,819,819,122,123,198,);
52173.320312,48937.972656,-176.654617
117,211,819,819,819,819,113,128,234,);
52133.273438,48935.640625,-176.672699
116,212,819,819,819,819,105,157,74,);
52015.667969,48928.785156,-176.618469
109,819,819,819,819,819,97,160,72,);
51936.914062,48924.171875,-176.636536
95,819,819,819,819,819,89,819,74,);
51859.292969,48919.503906,-176.510040
95,196,819,819,819,819,82,819,62,);
51780.128906,48914.683594,-176.564255
85,65,819,819,819,819,74,819,62,);
51701.375000,48910.039062,-176.690765
78,64,819,819,819,819,74,819,61,);
51623.035156,48905.628906,-176.889557
74,64,819,819,819,819,74,819,61,);
51577.910156,48903.207031,-176.726898
78,63,819,819,819,819,74,819,60,);
51577.488281,48903.148438,-166.208344
80,63,819,819,819,819,74,819,61,);
51575.070312,48902.199219,-147.647217
819,67,153,819,819,819,819,819,66,);
51575.050781,48902.332031,-127.784790
819,77,153,819,819,819,819,152,74,);
51576.007812,48904.285156,-108.826035
819,77,151,819,819,819,819,149,819,);
51576.238281,48905.101562,-98.090576
819,819,153,154,819,819,819,145,819,);
51576.265625,48905.449219,-90.300995
819,819,155,152,157,819,819,819,819,);
51576.281250,48904.957031,-87.246643
819,819,819,152,155,819,819,819,819,);
51576.312500,48904.324219,-87.300858
819,819,819,152,155,819,819,819,819,);
51578.628906,48854.605469,-87.192413
819,819,819,150,149,819,819,819,819,);
51582.746094,48780.269531,-86.650238
819,819,819,145,145,819,819,819,819,);
51587.242188,48704.476562,-86.632172
819,819,190,141,145,819,819,819,819,);
51591.621094,48629.097656,-86.794815
819,819,140,141,140,819,819,137,819,);
51595.761719,48551.023438,-87.102051
819,819,140,138,133,819,819,133,819,);
51599.742188,48472.304688,-87.065903
819,819,136,135,141,819,819,127,819,);
51603.914062,48392.609375,-86.885178
819,819,132,132,135,819,819,118,819,);
51608.062500,48314.605469,-87.102051
819,819,128,130,184,819,819,118,819,);
51611.867188,48235.804688,-87.373138
819,819,121,128,225,819,260,118,819,);
51615.281250,48157.906250,-87.590012
819,819,119,819,134,819,260,115,819,);
51618.468750,48079.859375,-87.734589
264,819,118,227,132,819,256,98,819,);
51621.539062,48000.957031,-87.843048
257,819,117,819,132,819,819,96,819,);
51624.421875,47921.203125,-88.023758
819,819,97,156,123,819,819,95,819,);
51627.207031,47842.929688,-87.897247
819,819,97,156,115,819,235,95,819,);
51630.203125,47763.671875,-87.806885
819,819,97,148,141,819,819,95,819,);
51633.316406,47684.988281,-87.680374
819,819,97,141,135,819,819,96,819,);
51636.613281,47606.164062,-87.553879
819,819,98,135,128,819,210,97,819,);
51640.070312,47527.000000,-87.409286
819,819,98,129,122,819,201,97,819,);
51643.640625,47448.261719,-87.409286
819,819,99,123,126,192,193,97,217,);
51647.160156,47369.875000,-87.463516
819,819,99,117,112,183,193,97,223,);
51652.335938,47251.335938,-87.517715
819,222,100,112,141,183,184,80,224,);
51655.710938,47172.589844,-87.517715
819,223,100,107,141,176,175,80,223,);
51659.046875,47094.050781,-87.571945
819,819,101,107,134,167,167,100,819,);
51662.425781,47014.531250,-87.553879
819,819,101,102,128,158,157,79,819,);
51665.945312,46935.152344,-87.318924
819,819,102,98,123,150,149,123,223,);
51669.636719,46857.269531,-87.282776
819,819,128,95,124,150,140,84,819,);
51673.289062,46778.957031,-87.355072
819,819,130,122,819,133,131,83,819,);
51676.898438,46700.292969,-87.409286
819,819,130,125,182,125,123,79,220,);
51680.363281,46622.535156,-87.481583
819,214,125,106,819,117,115,79,221,);
51683.847656,46543.652344,-87.481583
819,819,83,101,819,176,115,77,166,);
51687.277344,46464.062500,-87.481583
819,819,81,96,162,176,106,74,163,);
51690.800781,46382.429688,-87.571945
819,819,80,92,162,171,97,74,169,);
51694.152344,46303.964844,-87.571945
95,163,80,92,156,92,88,74,166,);
51697.539062,46225.007812,-87.553879
87,171,80,819,819,134,80,74,157,);
51700.773438,46148.582031,-87.571945
79,171,80,819,819,127,74,76,156,);
51701.902344,46123.015625,-86.686386
79,174,82,819,819,137,67,74,154,);
51701.906250,46122.945312,-86.668304
74,177,82,819,819,136,68,74,154,);
51701.945312,46121.746094,-93.843323
76,177,81,139,819,136,67,74,155,);
51701.527344,46120.320312,-111.645416
819,819,81,819,819,80,69,74,158,);
51700.546875,46118.449219,-130.369263
174,819,84,74,117,67,819,126,819,);
51702.535156,46120.121094,-148.785858
819,819,819,74,66,819,152,819,819,);
51703.863281,46120.761719,-161.599701
819,819,135,74,74,153,156,131,819,);
51705.300781,46121.121094,-169.967590
819,819,135,74,819,153,819,130,819,);
51704.316406,46121.046875,-176.112427
819,819,819,74,819,152,819,74,819,);
51704.246094,46121.042969,-176.130508
819,819,122,74,156,153,819,74,819,);
51696.367188,46120.515625,-176.238953
819,819,121,74,819,153,819,74,819,);
51636.218750,46116.566406,-176.365448
819,819,121,819,150,147,819,74,819,);
51560.765625,46112.242188,-177.016083
819,819,119,819,147,147,819,74,819,);
51484.300781,46108.378906,-177.160645
819,819,119,819,147,138,223,63,819,);
51408.125000,46104.386719,-176.799194
819,819,118,819,141,130,216,61,819,);
51330.500000,46099.789062,-176.419678
819,819,120,819,131,122,209,59,819,);
51252.769531,46094.652344,-176.076294
819,819,120,819,116,113,186,59,819,);
51174.773438,46089.199219,-175.913635
819,819,64,819,116,104,177,59,819,);
51096.093750,46083.460938,-175.823273
819,819,64,819,98,95,163,60,819,);
51017.121094,46077.847656,-176.094360
819,819,74,819,90,87,155,64,819,);
50936.230469,46072.398438,-176.238953
819,819,74,819,80,78,149,64,819,);
50858.207031,46067.394531,-176.365448
819,819,121,819,74,71,149,84,819,);
50779.406250,46062.378906,-176.365448
819,819,74,819,74,71,138,74,819,);
50712.070312,46058.156250,-176.455811
819,819,121,819,819,62,128,74,819,);
50709.117188,46057.968750,-176.455826
819,819,121,819,819,79,130,77,819,);
50707.496094,46057.957031,175.248596
819,819,122,819,74,74,125,121,819,);
50704.437500,46058.457031,165.489075
819,819,122,819,74,123,237,124,819,);
50702.839844,46059.000000,155.187378
819,819,124,64,56,193,819,129,819,);
50700.796875,46060.117188,139.770966
819,819,127,63,187,126,819,819,819,);
50701.468750,46059.492188,134.656265
819,819,819,74,122,237,819,819,819,);
50703.402344,46057.160156,127.734238
819,819,819,80,236,819,819,819,819,);
50670.027344,46100.328125,127.661949
819,819,819,819,186,819,819,819,819,);
50624.437500,46159.898438,127.228203
819,252,819,819,186,151,819,108,819,);
50578.960938,46219.906250,127.155914
819,248,819,819,121,819,819,54,819,);
50532.882812,46280.609375,127.210129
819,250,819,119,108,819,819,74,252,);
50485.089844,46343.375000,127.408928
819,254,819,111,101,819,819,53,819,);
50438.066406,46404.597656,127.535439
819,254,74,104,102,819,819,74,259,);
50390.382812,46466.558594,127.661949
819,258,74,98,88,819,819,69,819,);
50342.519531,46528.558594,127.643875
819,259,74,91,80,819,819,74,819,);
50294.265625,46591.234375,127.535439
819,819,71,85,74,819,819,74,819,);
50246.285156,46653.675781,127.481216
819,262,189,78,74,819,819,150,819,);
50198.296875,46716.292969,127.463150
819,819,819,74,74,819,819,147,819,);
50150.511719,46778.621094,127.499298
819,819,209,74,74,819,819,147,819,);
50102.285156,46841.406250,127.625801
819,819,819,74,74,819,819,74,819,);
50054.480469,46903.453125,127.571579
819,819,819,74,74,232,819,74,819,);
50006.843750,46965.269531,127.698090
819,819,195,819,819,819,819,154,819,);
49958.628906,47027.621094,127.661949
819,819,819,146,819,216,819,148,819,);
49910.234375,47090.277344,127.680023
819,270,819,139,819,208,819,819,819,);
49861.878906,47152.968750,127.553513
819,819,819,134,128,198,198,74,819,);
49814.472656,47214.875000,127.336639
819,819,819,107,819,189,190,74,819,);
49783.226562,47255.859375,127.210129
819,283,46,103,819,181,190,39,285,);
49781.906250,47257.597656,127.119766
819,284,46,103,819,181,184,40,287,);
49755.953125,47292.066406,126.902893
819,819,46,101,819,179,184,74,286,);
49709.878906,47353.300781,126.993256
819,180,43,97,819,179,179,43,819,);
49665.359375,47412.355469,127.083618
819,819,45,819,819,172,172,44,819,);
49618.515625,47474.070312,127.318565
819,819,74,819,819,165,163,44,819,);
49571.632812,47535.402344,127.408928
819,819,819,819,819,819,155,97,819,);
49524.097656,47597.476562,127.499298
819,819,819,819,819,819,147,88,819,);
49477.156250,47658.761719,127.336639
819,819,94,819,819,819,140,95,819,);
49429.585938,47721.339844,127.173981
819,819,88,819,819,819,131,76,819,);
49382.195312,47784.058594,127.011330
819,819,84,819,819,819,173,74,819,);
49334.796875,47847.031250,126.939041
819,819,77,819,819,819,819,74,819,);
49287.789062,47909.503906,126.993256
819,819,80,819,819,819,819,86,819,);
49239.796875,47973.179688,127.047478
819,819,88,819,819,819,157,100,819,);
49192.789062,48035.566406,126.939041
819,819,94,819,819,819,119,95,819,);
49145.183594,48098.828125,126.993256
819,819,97,819,289,819,91,102,819,);
49098.078125,48161.406250,126.939041
819,819,97,819,819,819,102,105,819,);
49049.863281,48225.531250,127.011330
96,819,105,819,819,819,74,100,819,);
49002.078125,48288.832031,127.101700
88,819,107,819,819,819,79,109,195,);
48954.460938,48351.640625,127.210129
88,819,819,819,158,83,78,108,192,);
48931.617188,48381.742188,127.282425
80,819,113,819,819,78,74,111,192,);
48930.804688,48382.808594,127.517365
79,819,113,819,819,78,74,111,819,);
48930.089844,48383.679688,134.168289
79,819,113,819,819,819,74,110,819,);
48926.066406,48386.863281,149.223236
78,819,109,819,819,819,74,107,819,);
48924.179688,48387.820312,159.705673
78,82,110,819,819,136,76,102,819,);
48923.230469,48388.074219,170.115814
80,79,122,819,819,819,80,93,74,);
48922.738281,48388.132812,179.748810
82,78,123,819,819,819,154,113,74,);
48923.585938,48388.128906,179.965668
819,78,123,112,819,819,135,109,74,);
48852.238281,48388.152344,-179.709015
819,78,128,819,819,819,132,110,74,);
48777.515625,48387.281250,-179.166840
819,76,819,107,819,819,819,121,74,);
48700.746094,48386.230469,-179.437927
819,76,125,103,819,819,131,121,74,);
48621.292969,48385.851562,-179.817444
819,75,819,819,819,819,131,117,74,);
48541.488281,48385.703125,-179.962036
819,74,97,819,819,819,121,84,74,);
48462.742188,48385.671875,-179.980103
819,74,87,819,819,819,108,83,73,);
48384.062500,48385.726562,179.875305
819,74,86,819,819,819,114,84,72,);
48345.640625,48385.832031,179.821091
819,73,86,819,819,819,87,80,71,);
48228.609375,48386.097656,-179.962036
819,73,87,819,819,819,195,78,70,);
48149.156250,48386.250000,179.766876
819,72,79,290,285,819,74,78,69,);
48068.433594,48386.531250,179.784943
76,71,77,96,276,819,218,77,69,);
47990.324219,48387.027344,179.495789
74,70,78,276,269,819,199,78,68,);
47912.351562,48387.714844,179.604218
203,69,78,268,262,237,145,78,67,);
47833.746094,48388.140625,179.766876
201,68,79,262,203,229,145,80,67,);
47755.773438,48388.332031,179.911469
190,69,83,254,196,229,138,84,74,);
47676.250000,48388.324219,-179.943970
819,150,94,246,196,220,131,88,74,);
47596.093750,48388.414062,179.821091
178,819,94,246,189,211,140,92,74,);
47516.851562,48388.808594,179.531937
171,819,94,187,231,201,169,94,74,);
47438.527344,48389.515625,179.550003
166,819,96,181,224,194,126,94,74,);
47360.769531,48389.906250,179.821091
166,819,97,175,218,186,97,95,114,);
47283.359375,48389.968750,-179.925888
159,819,98,217,211,819,92,97,114,);
47249.027344,48389.917969,179.803024
181,819,99,211,206,819,151,97,819,);
